2020 1227185922.60 38.37637   21.99719  6.848  0.7 2020.988500638788   4.155957103152 0231 02
2020 1227194923.48 38.37832   21.99391  6.813  2.8 2020.988595536076   4.190594613322 0232 02
2020 1227195122.52 38.37742   21.99520  6.829  1.7 2020.988599300496   4.191968626684 0233 02
2020 1227210415.32 38.37892   21.99501  6.694  0.6 2020.988737582220   4.242441456045 0234 02
2020 1227213730.62 38.37633   21.99662  6.852  1.0 2020.988800679898   4.265472108383 0235 02
2020 1227214258.80 38.37443   21.99800  6.745  1.9 2020.988811057984   4.269260109945 0236 02
2020 1228013623.82 38.38328   21.98784  6.308  1.0 2020.989253940877   4.430912365941 0238 02
2020 1228022349.07 38.37791   22.00052  6.773  1.3 2020.989343916654   4.463753524370 0243 02
2020 1228034001.57 38.37764   21.99263  7.041  1.6 2020.989488513522   4.516531381205 0246 02
2020 1228051449.39 38.37756   21.99331  7.001  1.6 2020.989668380325   4.582182764433 0250 02
2020 1228062327.32 38.37972   21.99257  6.770  1.3 2020.989798602257   4.629713769306 0252 02
2020 1228065808.92 38.37800   21.99300  6.933  2.2 2020.989864429012   4.653740535199 0253 02
2020 1228071133.09 38.38218   21.98991  6.798  2.7 2020.989889859404   4.663022627963 0254 02
2020 1228071212.76 38.37887   21.99214  6.980  2.8 2020.989891113894   4.663480516948 0255 02
2020 1228074448.12 38.37643   21.99419  6.985  1.6 2020.989952948543   4.686050163808 0256 02
2020 1228084244.86 38.37588   21.99528  7.004  1.2 2020.990062894025   4.726180264612 0257 02
2020 1228090452.06 38.37733   21.99319  7.049  1.4 2020.990104864273   4.741499405482 0258 02
2020 1228090842.47 38.37747   21.99635  7.007  1.3 2020.990112150564   4.744158901555 0259 02
2020 1228092954.58 38.38158   21.99295  6.666  1.3 2020.990152378694   4.758842168856 0260 02
2020 1228101312.32 38.37681   21.99610  7.033  1.7 2020.990234527424   4.788826455275 0261 02
2020 1228102325.59 38.37914   21.99555  6.866  2.6 2020.990253920955   4.795905094144 0262 02
2020 1228111145.78 38.37615   21.99777  6.777  3.9 2020.990345634107   4.829380394858 0264 02
2020 1228112024.31 38.38381   21.98987  6.598  1.6 2020.990362031661   4.835365501972 0265 02
2020 1228112416.01 38.38420   21.99033  6.554  1.6 2020.990369358746   4.838039887862 0266 02
2020 1228113716.93 38.37694   21.99135  7.051  3.0 2020.990394053898   4.847053618583 0267 02
2020 1228115858.64 38.37370   21.99933  6.796  1.9 2020.990435218073   4.862078542438 0268 02
2020 1228122559.92 38.37560   21.99044  7.180  1.9 2020.990486488059   4.880792087241 0269 02
2020 1228124823.56 38.38283   21.98537  6.851  1.3 2020.990528978193   4.896300986019 0270 02
2020 1228133056.99 38.38261   21.98877  6.780  1.8 2020.990609725701   4.925773826452 0271 02
2020 1228133229.11 38.37481   21.99838  6.871  1.1 2020.990612638826   4.926837117057 0272 02
2020 1228133257.09 38.38711   21.98744  7.182  0.7 2020.990613523642   4.927160074820 0273 02
2020 1228133328.25 38.38668   21.98626  8.029  0.8 2020.990614509019   4.927519737602 0274 02
2020 1228134828.94 38.38426   22.00509  7.324  0.9 2020.990642991677   4.937915907718 0276 02
2020 1228134909.32 38.37808   21.99243  7.029  1.9 2020.990644268620   4.938381991855 0277 02
2020 1228143928.04 38.38365   21.98649  6.759  0.0 2020.990739730065   4.973225419269 0278 02
2020 1228144205.41 38.38053   21.99262  6.652  2.3 2020.990744706600   4.975041854843 0279 02
2020 1228152504.02 38.38110   21.99227  6.582  1.3 2020.990826250380   5.004805334200 0282 02
2020 1228152647.78 38.38299   21.98670  6.858  1.2 2020.990829531598   5.006002978905 0283 02
2020 1228153031.69 38.37985   21.99005  6.599  2.1 2020.990836612338   5.008587449100 0285 02
2020 1228160520.52 38.38352   21.98814  6.829  1.0 2020.990902667729   5.032697666821 0286 02
2020 1228161006.63 38.38478   21.98913  6.573  2.5 2020.990911715430   5.036000077453 0287 02
2020 1228161127.26 38.37982   21.99298  6.681  1.7 2020.990914265204   5.036930745241 0288 02
2020 1228164709.02 38.37820   21.99285  7.037  1.2 2020.990981994409   5.061651905004 0290 02
2020 1228175724.50 38.38174   21.98970  6.769  1.5 2020.991115301179   5.110308875995 0293 02
2020 1228180856.84 38.37690   22.00070  6.866  3.3 2020.991137195153   5.118300176425 0294 02
2020 1228181735.28 38.38088   21.98948  6.914  1.5 2020.991153589860   5.124284244736 0295 02
2020 1228185928.24 38.37739   22.00342  6.928  2.0 2020.991233057579   5.153289962146 0296 02
2020 1228190334.40 38.37595   22.00128  6.984  2.5 2020.991240841935   5.156131251858 0297 02
2020 1228190648.24 38.37684   21.99672  6.979  2.0 2020.991246971767   5.158368640601 0298 02
2020 1228192809.56 38.37732   22.00324  6.898  1.7 2020.991287491146   5.173158213817 0301 02
2020 1228194439.70 38.38304   21.98646  6.867  2.0 2020.991318802494   5.184586856100 0302 02
2020 1228201447.70 38.38170   21.98783  6.924  2.1 2020.991375977155   5.205455607420 0304 02
2020 1228201634.62 38.38105   21.98880  6.965  1.8 2020.991379358303   5.206689726260 0305 02
2020 1228222256.92 38.38614   21.98858  6.509  1.4 2020.991619134538   5.294208051887 0306 02
2020 1228223730.56 38.38529   21.98643  6.660  2.2 2020.991646761789   5.304291998679 0307 02
2020 1229020509.53 38.37727   22.00274  6.875  1.7 2020.992040753706   5.448099048469 0314 02
2020 1229020558.88 38.37754   22.00381  6.935  1.8 2020.992042314309   5.448668668433 0315 02
2020 1229121238.14 38.37800   21.99288  7.191  1.7 2020.993193373685   5.868805340533 0318 02
2020 1229121757.73 38.37789   21.99328  7.178  1.8 2020.993203480128   5.872494192363 0319 02
2020 1230112800.20 38.37895   21.99125  7.230  2.6 2020.995840929215   6.835163109010 0378 02
2020 1230123742.94 38.38310   21.98660  6.862  2.1 2020.995973200643   6.883442180194 0381 02
2020 1230140426.99 38.37801   21.99307  7.162  1.1 2020.996137769113   6.943509671884 0387 02
2020 1230140954.20 38.37762   21.99263  7.124  1.6 2020.996148116525   6.947286477326 0388 02
2020 1230150406.91 38.37798   21.99325  7.167  3.3 2020.996250977472   6.984830722809 0390 02
2020 1230150455.52 38.37592   21.99738  7.178  3.0 2020.996252514673   6.985391801381 0391 02
2020 1230154246.63 38.37862   21.99215  7.029  1.4 2020.996324334333   7.011605977108 0392 02
2020 1230183606.16 38.38147   21.98941  6.821  1.1 2020.996653200263   7.131642041719 0395 02
2020 1230190013.40 38.38207   22.00240  7.237  1.2 2020.996698966555   7.148346738394 0396 02
2020 1230193649.20 38.38320   21.98446  7.156  1.2 2020.996768404675   7.173691652077 0399 02
2020 1230194229.14 38.38360   21.98406  7.085  2.3 2020.996779154650   7.177615392866 0400 02
2020 1230210545.68 38.38367   21.98780  6.718  1.8 2020.996937161000   7.235287710587 0401 02
2020 1230221837.92 38.37476   22.00166  6.710  1.4 2020.997075425015   7.285754076246 0405 02
2020 1230222818.08 38.37472   21.99829  7.171  1.5 2020.997093771504   7.292450544570 0406 02
2020 1230234421.28 38.37567   21.99775  6.567  1.3 2020.997238074277   7.345121056604 0407 02
2020 1231012406.18 38.38376   21.98819  6.719  1.7 2020.997427335686   7.414201471094 0409 02
2020 1231015025.33 38.38335   21.99048  6.590  2.0 2020.997477273389   7.432428732485 0410 02
2020 1231022721.36 38.38416   21.98861  6.510  1.6 2020.997547351245   7.458007150001 0411 02
2020 1231152806.32 38.37614   22.00134  6.760  1.5 2020.999028736592   7.998712801658 0429 02
2020 1231184927.64 38.38491   21.98697  6.723  1.5 2020.999410786025   8.138160844796 0432 02
2020 1231201411.64 38.38522   21.98578  6.678  1.1 2020.999571558136   8.196842665322 0434 02
2020 1231225625.88 38.38515   21.98558  6.668  1.1 2020.999879385499   8.309199652746 0438 02
2020 1231233108.50 38.38558   21.98569  6.721  1.3 2020.999945244510   8.333238191881 0439 02
2021 0101003824.28 38.38541   21.98634  6.728  1.2 2021.000073068240   8.379893853102 0442 02
2021 0101020536.50 38.38498   21.98783  6.704  1.2 2021.000238980847   8.440451954958 0445 02
2021 0101020634.99 38.38495   21.98830  6.700  1.1 2021.000240835553   8.441128922544 0446 02
2021 0101024125.83 38.38496   21.98813  6.704  1.1 2021.000307135655   8.465328459584 0448 02
2021 0101061225.77 38.38502   21.98819  6.710  1.0 2021.000708579718   8.611855542855 0459 02
2021 0101233210.88 38.38502   21.98820  6.714  0.8 2021.002686798579   9.333905427135 0483 02
2021 0102084502.02 38.38254   21.98535  6.935  1.1 2021.003738648529   9.717830658652 0496 02
2021 0103045401.56 38.38616   21.98721  6.526  0.9 2021.006038862253  10.557408667860 0513 02
2021 0103180920.18 38.38018   21.99272  6.505  1.9 2021.007552009767  11.109707510492 0523 02
2021 0103183854.88 38.37702   21.99369  6.764  1.6 2021.007608285134  11.130248019738 0525 02
